Warning: Failed to write binary name to logs/.rtlbinary
PHASE5_RESULT {"status":"pass","implementation":"smu","n":16,"d":64,"seed":1,"tile_keys":4,"tile_count":4,"merge_count":3,"smu":{"commands":3,"done":3,"errors":0,"timeouts":0,"saw_busy":1},"cycles":{"score_compute":135692,"tile_local_state":344107,"smu_recurrence":8429,"rvv_output_update":7942,"merge_window":16548,"merge_orchestration":177,"core_residual":8480,"output_copy":6164,"merge_total":16548,"total":510991,"workload_setup":0,"smu_setup":3473,"smu_wait":4956,"smu_breakdown_sum":8429,"smu_breakdown_delta":0,"smu_breakdown_exact":1,"software_recurrence_calls":0,"smu_commands":3},"output_nonfinite":0,"output_hash":4245499135,"output_metrics":{"mae_bits":972444283,"stable_relative_error_bits":1005107881,"cosine_similarity_bits":1065352699},"tcdm":{"data_bytes":29440,"allocation_bytes":29440,"runtime_reserved_bytes":16512,"memory_footprint_bytes":45952,"capacity_bytes":131072}}
PHASE5_OUTPUT_CHUNK {"n":16,"d":64,"offset":0,"bits":[1028550732,1025847366,3190350866,3180510417,1032793564,1019677477,3173688180,1018282684,3176903867,3186490333,1031358699,1032788319,3173667433,1033840175,3162480784,3185494950,3186249798,1036312645,1008494955,3179516411,1027720959,1008054573,1025794189,1032425548,1026490092,977999205,3180748112,3171180468,3178488567,1044212990,3170023963,1018088435,3165031422,3182910758,3170064973,1033768142,3171024009,1037254028,1034455262,3187453292,1033783338,1027150959,1039330992,1044129260,1032646879,3169006539,1036970455,1024840773,1038112562,3171073869,3183811360,3177975277,3162636082,3179800573,3186458782,1029716591,1037482240,3162592826,3178204156,1019060622,1036382258,1034602905,3188169658,3171193804,1021837561,1027869739,3191406138,3178069546,1035416706,3142894357,3179231890,1006923858,3173345124,3182440419,1028491777,1034960287,3172835023,1034917389,3156974841,3181442904,3186728251,1035173444,1018005839,3178481502,1027652247,1016951812,1029943764,1034793215,1025099820,1001362942,3183566304,3172609672,3175428980,1044891807,3179737175,1019968810,3171652249,3181786687,3167797345,1031706734,3167756658,1033076511,1032168490,3184189358,1032658198,1028441972,1036466273,1044252940,1036136636,3158037920,1037661087,1016284644,1037289791,3172606773,3174473610,3177483121,3174310942,3182698436,3189193296,1027133966,1039583676,3171345484,3172056658,1021699130,1036898959,1033224353,3186679218,3171552520,1027383725,1023975521,3188219623,3182121110,1034524741,1024824376,3178737154,1013789386,3177306405,3187919247,1032353036,1033422988,3166731650,1032712222,3166285908,3185297829,3184906398,1032088836,1011993474,3181476189,1031820008,1025844688,1023611139,1031429452,1019608230,3156966099,3181157867,3167783663,3178045608,1044142560,3178462914,1020762916,3173511576,3182559120,985638198,1035745865,3169720628,1036363838,1033659223,3187968013,1033772670,1033559822,1040530897,1042493114,1035707812,3168605332,1038513873,1025862585,1039361717,3167458037,3186809147,3180232278,3169334674,3177241857,3188627549,1029838417,1036744433,3167721245,3175461060,1011489840,1035893436,1033386740,3186938261,3173062985,1025610791,1026946252,3189542230,3180583200,1030651391,1016932029,3176437038,1003825256,3175482733,3184361472,1029164470,1033762536,3174057420,1034677455,3160454493,3183683709,3186481007,1038387231,1019245253,3179707552,1029821732,3151121149,1023931389,1033404616,1025646804,3133973670,3177453007,3176119662,3179863328,1044744327,3173447813,1017120205,3157597816,3182389908,3173474787,1033231435,3170016576,1033271034,1034483366,3187745209,1034572481,1026672101,1036066910,1044286789,1029605593,3164719305,1036794139,1023553157,1037759954,3173021403,3183653478,3178250801,3154379562,3178896751,3186736346,1029310660,1035673578,1006426700,3176849320,1025105507,1035657303,1035635960,3188386675,3170465192]}
PHASE5_OUTPUT_CHUNK {"n":16,"d":64,"offset":256,"bits":[1027171192,1024626403,3190917374,3179829489,1034258003,1017758647,3178189169,1015519359,3174997559,3185718481,1031710955,1034473567,3172737879,1033794701,3163670145,3182796450,3186885011,1036070273,1015162509,3177900057,1029242303,1012977671,1026988039,1032676778,1023343765,3144155571,3181368487,3166908927,3176864835,1044450933,3177456544,1018908941,3169903974,3183851187,3170969607,1032633422,3170649337,1034588523,1033152583,3186801367,1033093356,1029782042,1039351663,1043920246,1034839352,3163589657,1038719689,1017696284,1038078554,3171849582,3181437811,3177821415,3168892044,3180108440,3188246771,1029269962,1038595758,3164379193,3174486249,1016533815,1035997270,1033258633,3187821618,3170524055,1028333962,1023930265,3189135202,3181037089,1032632812,1024948273,3177900122,1006673957,3175830934,3187134964,1030633451,1033084220,3171500312,1032811977,3168182573,3184532831,3187111160,1035410262,1015083802,3180052226,1030341839,1018761840,1024040743,1031640698,1023523135,3139905269,3181196623,3171436409,3179680289,1044653303,3174644603,1020088539,3170181689,3184056375,3164653054,1033398185,3170473674,1035621745,1033568415,3187935238,1034327909,1030319579,1039817547,1043154153,1034188331,3164459018,1037638042,1019583185,1038547902,3169858452,3184264625,3179107307,3167336119,3179440226,3188089286,1032037993,1036827573,3150411023,3173806843,1015205337,1035532212,1034042935,3187767241,3171799331,1025578078,1025488481,3187945054,3180067050,1034473833,1026272523,3179037953,1013256115,3179972296,3185311181,1031379746,1034270598,3170644571,1031803733,3169988925,3185382821,3182368432,1034627870,1008176004,3180347798,1032261437,1018197910,1016791826,1033271505,1028967308,3163958916,3177308510,3164427741,3175078374,1045010112,3177010532,1024461279,3170029009,3179994766,3166116837,1035347126,3156519398,1034346052,1035545008,3186909100,1034282957,1032737904,1039375338,1043125963,1033711825,3151264634,1039643603,1023700608,1038646483,3171241767,3183634535,3178238674,3169644442,3174726813,3188155669,1033345510,1038078639,3154448692,3175693221,1017718923,1037154307,1035931909,3187354106,3171662529,1029870893,1022665435,3191837334,3179801532,1037311340,1020490193,3175454136,1023559884,3178183287,3188192940,1032266573,1035153051,3172230157,1034045756,3152207443,3182572981,3185893090,1035217101,1010275197,3177731050,1032178935,1024920378,1023451318,1030696135,1007432852,3156138565,3182050584,3160270822,3175333846,1044660357,3173142451,1014408499,3174169114,3186251429,3172012119,1033955866,3165187866,1037291745,1034656181,3187336963,1034701467,1032775921,1042159987,1044024105,1034268569,3165922846,1039764093,1023304002,1039284236,3166576665,3187847534,3177940646,3165946972,3174684290,3188624489,1025288070,1038731405,3171688775,3177785893,997984817,1035914880,1029981054,3186603816,3170188659]}
PHASE5_OUTPUT_CHUNK {"n":16,"d":64,"offset":512,"bits":[1027595022,1026068063,3193041666,3172779836,1038839190,993398059,3172886464,1019899141,3179723730,3185147105,1027815596,1035169870,3174126497,1034376574,970692893,3181054800,3186298028,1037765540,1011526453,3177756389,1030088306,1020475481,1023506015,1033800806,1020751280,999512787,3182267935,3170790596,3174755984,1045999842,3171477409,1016910360,3173556289,3184389675,3176173175,1032478264,3157642058,1037091460,1035300683,3184754780,1035653356,1028008260,1040229160,1045097777,1032462255,3151868435,1038281955,1019168003,1036659098,3164729704,3183569620,3173932827,3173364842,3180000753,3189073579,1026503279,1039991585,3170800209,3176554882,1022623857,1038941906,1033035601,3186604099,3169216267,1026093638,1026803800,3192742148,3178460436,1035288168,1006224188,3174333577,1017519596,3173942127,3185210452,1027294220,1035588562,3175329903,1035594833,3148224473,3180826868,3188141879,1038857737,1015570146,3174537828,1029340242,1013251494,1026209860,1032934062,1023810573,990919563,3182195374,3170346402,3174447334,1044846452,3172339698,997825491,3171682275,3185009767,3177541084,1032337871,3168433103,1033734381,1033628186,3185736229,1034918758,1025880278,1039556418,1044883254,1032936281,3163507178,1038295517,1015459830,1037724898,3171165232,3182402670,3177249238,3169337426,3181145891,3187917527,1027288878,1038084136,3166468440,3175944277,1023791489,1036231436,1032869895,3187819824,3169943458,1024989031,1028548274,3189538873,3181483431,1029622866,1015571135,3175330193,984777005,3172896007,3184621272,1026262653,1032737220,3171715746,1033382258,3169795616,3183770429,3187605338,1037284013,1011989156,3176265981,1026597961,1007710497,1025839837,1030653483,1030588836,3132710096,3180094187,3172624102,3179273039,1044090912,3171549282,1019019351,3163564433,3183740422,3173454092,1034018572,3172033849,1033968214,1033758179,3186482245,1034226193,1021677808,1036061602,1044347541,1032142832,3167836424,1037468240,1019221007,1037025859,3172083992,3181114069,3178177615,3165971567,3180590738,3185509741,1031339826,1036003284,3154612416,3174446180,1022804696,1034829803,1036468075,3188062778,3170861548,1028704800,1023494676,3189180997,3182789525,1033856895,1026690276,3177789755,1019855758,3178002858,3188431181,1034424438,1033560814,3169451856,1033044597,3168790999,3186333479,3183807632,1032534858,1007158768,3180536519,1030293409,1019753175,1025689532,1030664182,1022940603,3164328678,3179873924,3155096565,3176027409,1043373912,3178686098,1021421360,3168076329,3182895517,3147562992,1035779838,3171425633,1037915850,1033477544,3188397546,1032377670,1033169372,1041098670,1043077185,1035318913,3170160441,1040144558,1027502877,1039999787,3170359892,3186959812,3180175028,3158024352,3174914895,3187929775,1028820954,1038032055,3171413844,3177413116,3134307802,1035201894,1032928072,3188064480,3171359314]}
PHASE5_OUTPUT_CHUNK {"n":16,"d":64,"offset":768,"bits":[1017841162,1028424885,3190760314,3180723372,1032790482,965463539,3179928602,1000090559,3170309871,3181887793,1026974296,1035464337,3174162314,1036359877,3146084025,3181393767,3187184573,1036688142,1019944927,3175949704,1031215316,1010888264,1029207070,1034250874,1025109125,3141301387,3181885908,3173771488,3176922718,1044244814,3176527320,1014305305,3167080261,3182267870,3174263667,1033009631,3166449255,1029021756,1033256827,3185046060,1033929830,1027369054,1037126758,1044464539,1034357486,3165163773,1037604078,1016990249,1038480144,3176391786,3176749382,3179388270,3165876938,3180926758,3187805472,1024973208,1037174204,3152314639,3174676485,1023272578,1034222350,1033990063,3187014154,3171762692,1025730894,1023943335,3186835142,3183179050,1030660957,1023716521,3180293722,998626980,3174269230,3185898678,1031757768,1033660219,3168960305,1032722938,3170747731,3184693309,3185251276,1033354858,1014568270,3180763064,1031065463,1018819889,1023962450,1031900885,1024248501,3158377893,3179066586,3169909089,3179069438,1043913265,3179603483,1021373799,3167485156,3181896580,3150193476,1034500146,3172043918,1032515948,1033423904,3187983399,1032552799,1032679995,1037988972,1042491446,1034945712,3168596915,1038055363,1023718179,1038793173,3172518635,3183255133,3180165816,3165178540,3176180375,3187908855,1031730571,1035801725,3150185418,3175450600,1019189945,1034768668,1034751385,3187582613,3173084233,1026213653,1026045460,3189907161,3180789599,1033506066,1013446808,3176275321,1004880218,3173399287,3185932979,1027947327,1033018622,3170087498,1034189758,3153029561,3183893114,3187538777,1034626999,1016580950,3179650220,1030445363,1023394150,1026302626,1030993155,1017689726,996374856,3182831546,3175570509,3180740995,1044502272,3171246454,1017725649,3172054699,3184687024,3169247912,1034138116,3170525441,1035883070,1034493113,3186792143,1035318834,1027867582,1039671726,1043727411,1033910894,3171227714,1036876622,1021125594,1038133963,3171270954,3184059173,3179446665,3166644266,3179701709,3187208393,1026599949,1036548885,3154667781,3176238382,1017282936,1035014955,1033924641,3186564551,3172948263,1025175947,1025602491,3191094811,3178328990,1036670391,1017115064,3177223626,1006289754,3178209712,3186345558,1031710906,1034752519,3171877907,1035425727,3138378158,3183079109,3185649437,1035045871,1022060283,3181643275,1032047870,1016583300,1026141627,1033997955,1009865242,3146424879,3181445406,3175695475,3178604777,1045459719,3179436542,1018036274,3169973577,3183029970,3166189797,1033740568,3166184810,1037399763,1033774020,3187689558,1035359754,1030724802,1039375673,1044030824,1033439705,3159039400,1039118097,1024280144,1038285345,3169269640,3185595719,3179346168,3165731569,3179664317,3189289647,1025112152,1038679696,3163447873,3175111247,1016843583,1037006705,1032901490,3187819860,3171379143]}
native-online-attention PASS
[SUCCESS] Program finished successfully
OM_SIM_CONFIG {"schema_version":1,"profile":"default","dasm_trace_enabled":true,"fsm_observer_enabled":true}
[Tracer] Logging Hart          0 to logs/trace_hart_00000.dasm
[Tracer] Logging Hart          1 to logs/trace_hart_00001.dasm
Loading entry point: 80000000
OM_FSM {"schema_version":1,"invocation":0,"N":16,"D":64,"mode":3,"terminal_state":"DONE","load_scalar_cycles":208,"compute_scalar_cycles":16,"compute_weight_cycles":1248,"store_scalar_cycles":144,"update_vector_cycles":0,"busy_cycles":1616}
OM_FSM {"schema_version":1,"invocation":1,"N":16,"D":64,"mode":3,"terminal_state":"DONE","load_scalar_cycles":209,"compute_scalar_cycles":16,"compute_weight_cycles":1248,"store_scalar_cycles":145,"update_vector_cycles":0,"busy_cycles":1618}
OM_FSM {"schema_version":1,"invocation":2,"N":16,"D":64,"mode":3,"terminal_state":"DONE","load_scalar_cycles":209,"compute_scalar_cycles":16,"compute_weight_cycles":1248,"store_scalar_cycles":145,"update_vector_cycles":0,"busy_cycles":1618}
