Warning: Failed to write binary name to logs/.rtlbinary
PHASE5_RESULT {"status":"pass","implementation":"smu","n":8,"d":32,"seed":1,"tile_keys":4,"tile_count":2,"merge_count":1,"smu":{"commands":1,"done":1,"errors":0,"timeouts":0,"saw_busy":1},"cycles":{"score_compute":16894,"tile_local_state":50799,"smu_recurrence":2069,"rvv_output_update":808,"merge_window":2926,"merge_orchestration":49,"core_residual":2208,"output_copy":1565,"merge_total":2926,"total":74392,"workload_setup":0,"smu_setup":1193,"smu_wait":876,"smu_breakdown_sum":2069,"smu_breakdown_delta":0,"smu_breakdown_exact":1,"software_recurrence_calls":0,"smu_commands":1},"output_nonfinite":0,"output_hash":2625429212,"output_metrics":{"mae_bits":965841751,"stable_relative_error_bits":1000282788,"cosine_similarity_bits":1065352977},"tcdm":{"data_bytes":7552,"allocation_bytes":7680,"runtime_reserved_bytes":16512,"memory_footprint_bytes":24192,"capacity_bytes":131072}}
PHASE5_OUTPUT_CHUNK {"n":8,"d":32,"offset":0,"bits":[1015597390,1021416092,1037930566,1031151164,1014827065,1044287186,3155321754,1035122345,3183284919,1038600436,1025318451,3174422323,1030979537,3171112519,1006645638,1036320427,1005583288,3157795368,1035289330,1025448591,3153864045,1032372548,3179786430,3172722038,1026675839,3172209019,1035712287,3182721593,1036885903,1009905735,1028742881,1038221409,1018933527,1020864019,1037991703,1030939965,991159051,1044737371,3162633172,1034557008,3181702770,1037647263,1021213908,3175087114,1029971883,3169442095,1003005400,1037142737,998478337,3131277607,1036667064,1024659211,3169029339,1032810210,3180365220,3173111310,1025954866,3171163684,1034670264,3183167014,1036659020,1007960941,1026352864,1038040045,1019535110,1020324442,1037777335,1031835107,3156025689,1044944009,3163292873,1034729223,3181263863,1037898355,1017293859,3175779794,1029809895,3170068651,994115162,1037098500,988865672,964632718,1037053962,1024935526,3172355360,1032224765,3181031488,3173082389,1026588386,3169357130,1034688489,3183176785,1036175179,1011701297,1025080077,1037718215,1020531479,1018056577,1038230907,1031892180,998069798,1044648548,3154256661,1034432525,3181468358,1038236475,1023216398,3172774347,1029174608,3168982355,1015225175,1037597828,1001064857,985329495,1038167327,1024742936,3168071618,1032527937,3179730729,3173629725,1025936107,3170854517,1034713303,3183800237,1036046896,1001073342,1026224769,1036945302,1017902726,1020338376,1037149925,1033030367,3163137193,1045102067,3158279725,1034655455,3182223056,1038247455,1012855025,3174173454,1031192777,3170566821,3136909049,1036895693,3139327961,990435049,1037289116,1022914648,3173857726,1030066166,3180983858,3173650255,1027760927,3168065036,1034885586,3182553502,1036295081,1015641718,1025998939,1036790938,1017806263,1018982944,1037588992,1033530124,3169596886,1045382960,3161015005,1034379116,3180804248,1037774477,992175996,3174785018,1031522785,3167663317,3143173745,1037195964,3144622873,1004031338,1038209426,1024482094,3177768794,1030708200,3180995773,3174573096,1027965767,3166744854,1034755403,3182462263,1036481486,1009745487,1024099205,1036760042,1016408613,1015845325,1037933394,1034374851,3162246407,1044864721,991061814,1034824779,3181845148,1039287099,1015287777,3171408831,1031949171,3168802654,1008724123,1036926398,943558319,986769443,1038650756,1025557069,3172290244,1029368774,3179649849,3174858938,1028888753,3167722570,1036004940,3182728289,1036091234,1003858325,1026016373,1035723013,1015998599,1021161435,1038239273,1031222936,3124075163,1044657530,3163451637,1034969121,3181539022,1037899356,1019952987,3176827633,1030653482,3169163247,990386878,1036478959,1002282454,3153957949,1035772305,1027105264,3167876648,1032862203,3180516111,3173100499,1026627789,3171346452,1035341990,3182660912,1036899106,1006919415,1025952667,1038660337]}
native-online-attention PASS
[SUCCESS] Program finished successfully
OM_SIM_CONFIG {"schema_version":1,"profile":"default","dasm_trace_enabled":true,"fsm_observer_enabled":true}
[Tracer] Logging Hart          0 to logs/trace_hart_00000.dasm
[Tracer] Logging Hart          1 to logs/trace_hart_00001.dasm
Loading entry point: 80000000
OM_FSM {"schema_version":1,"invocation":0,"N":8,"D":32,"mode":3,"terminal_state":"DONE","load_scalar_cycles":104,"compute_scalar_cycles":8,"compute_weight_cycles":624,"store_scalar_cycles":72,"update_vector_cycles":0,"busy_cycles":808}
